name: zone
channels:
  - conda-forge
  - defaults
dependencies:
  - asttokens=2.4.1=pyhd8ed1ab_0
  - backcall=0.2.0=pyh9f0ad1d_0
  - bzip2=1.0.8=hcfcfb64_5
  - ca-certificates=2024.2.2=h56e8100_0
  - colorama=0.4.6=pyhd8ed1ab_0
  - comm=0.2.2=pyhd8ed1ab_0
  - debugpy=1.8.1=py38hd3f51b4_0
  - decorator=5.1.1=pyhd8ed1ab_0
  - executing=2.0.1=pyhd8ed1ab_0
  - importlib-metadata=7.0.2=pyha770c72_0
  - importlib_metadata=7.0.2=hd8ed1ab_0
  - ipykernel=6.29.3=pyha63f2e9_0
  - ipython=8.12.0=pyh08f2357_0
  - jedi=0.19.1=pyhd8ed1ab_0
  - jupyter_client=8.6.1=pyhd8ed1ab_0
  - jupyter_core=5.7.2=py38haa244fe_0
  - libffi=3.4.2=h8ffe710_5
  - libsodium=1.0.18=h8d14728_1
  - libsqlite=3.45.2=hcfcfb64_0
  - libzlib=1.2.13=hcfcfb64_5
  - matplotlib-inline=0.1.6=pyhd8ed1ab_0
  - nest-asyncio=1.6.0=pyhd8ed1ab_0
  - openssl=3.2.1=hcfcfb64_0
  - packaging=24.0=pyhd8ed1ab_0
  - parso=0.8.3=pyhd8ed1ab_0
  - pickleshare=0.7.5=py_1003
  - pip=24.0=pyhd8ed1ab_0
  - platformdirs=4.2.0=pyhd8ed1ab_0
  - prompt-toolkit=3.0.42=pyha770c72_0
  - prompt_toolkit=3.0.42=hd8ed1ab_0
  - psutil=5.9.8=py38h91455d4_0
  - pure_eval=0.2.2=pyhd8ed1ab_0
  - pygments=2.17.2=pyhd8ed1ab_0
  - python=3.8.18=h4de0772_1_cpython
  - python_abi=3.8=4_cp38
  - pywin32=306=py38hd3f51b4_2
  - pyzmq=25.1.2=py38hdecc13b_0
  - setuptools=69.2.0=pyhd8ed1ab_0
  - six=1.16.0=pyh6c4a22f_0
  - sqlite=3.45.2=hcfcfb64_0
  - stack_data=0.6.2=pyhd8ed1ab_0
  - tk=8.6.13=h5226925_1
  - tornado=6.4=py38h91455d4_0
  - traitlets=5.14.2=pyhd8ed1ab_0
  - typing_extensions=4.10.0=pyha770c72_0
  - ucrt=10.0.22621.0=h57928b3_0
  - vc=14.3=hcf57466_18
  - vc14_runtime=14.38.33130=h82b7239_18
  - vs2015_runtime=14.38.33130=hcb4865c_18
  - wcwidth=0.2.13=pyhd8ed1ab_0
  - wheel=0.42.0=pyhd8ed1ab_0
  - xz=5.2.6=h8d14728_0
  - zeromq=4.3.5=h63175ca_1
  - zipp=3.17.0=pyhd8ed1ab_0
  - pip:
      - certifi==2024.2.2
      - contourpy==1.1.1
      - cycler==0.12.1
      - fonttools==4.50.0
      - gitdb==4.0.11
      - gitpython==3.1.42
      - idna==3.6
      - importlib-resources==6.3.1
      - kiwisolver==1.4.5
      - matplotlib==3.7.5
      - opencv-python==4.9.0.80
      - pandas==2.0.3
      - pillow==10.2.0
      - py-cpuinfo==9.0.0
      - pyparsing==3.1.2
      - python-dateutil==2.9.0.post0
      - pytz==2024.1
      - pyyaml==6.0.1
      - requests==2.31.0
      - scipy==1.10.1
      - seaborn==0.13.2
      - smmap==5.0.1
      - sshkeyboard==2.3.1
      - thop==0.1.1-2209072238
      - torch==1.13.0+cu117
      - torchaudio==0.13.0+cu117
      - torchvision==0.14.0+cu117
      - tqdm==4.66.2
      - tzdata==2024.1
      - ultralytics==8.1.29
      - urllib3==2.2.1
prefix: C:\Users\E116189\AppData\Local\anaconda3\envs\zone
